600 894
256 79 123 107
257 74 121 104
258 88 138 128
259 85 139 129
260 73 119 102
261 73 119 102
262 88 140 131
263 87 139 132
264 96 148 142
265 102 156 150
4256 72 114 113
4257 94 142 134
4258 61 90 90
4259 73 114 113
4260 96 143 132
4261 96 150 145
4262 77 119 111
4263 70 108 98
1066 57 67 71
1067 71 99 90
1068 81 130 128
1069 91 140 138
1070 76 111 105
1071 75 116 113
268 103 158 154
269 102 158 156
1080 98 154 155
1081 91 150 149
1082 68 109 111
1083 65 103 100
1084 106 160 156
1085 115 166 165
1086 70 112 110
4348 78 123 119
4349 108 155 147
4350 66 105 101
4351 94 149 145
272 69 115 98
273 71 118 101
274 84 139 132
275 83 140 132
1104 71 114 97
1105 71 117 99
1106 71 122 114
1107 67 123 116
277 76 122 105
1112 75 130 127
1113 80 132 126
4456 88 141 138
4457 83 137 138
4458 84 143 144
4459 58 112 128
4460 81 140 143
17844 82 140 142
17845 83 139 143
17846 49 101 124
17847 26 64 97
4462 28 73 103
4463 22 64 102
1116 87 135 127
1117 86 134 128
4472 46 89 112
4473 35 71 101
4474 26 80 123
4475 29 70 108
1119 28 54 85
280 101 157 154
1124 101 156 152
4500 103 153 147
18004 102 154 148
18005 95 148 147
18006 100 155 151
18007 82 133 141
4502 106 152 148
18012 89 141 144
18013 37 78 104
18014 46 87 110
18015 30 57 88
4504 116 164 157
4505 111 158 154
4506 119 165 162
18028 114 158 159
18029 78 121 132
18030 77 126 135
18031 54 106 128
18032 96 143 144
18033 58 103 121
72136 89 138 143
72137 73 124 137
72138 72 117 129
72139 35 60 85
18035 28 40 70
4509 34 66 101
4510 31 47 80
4511 39 82 120
1128 116 172 170
1129 112 174 175
4520 121 172 167
4521 118 170 169
4522 93 147 151
4523 76 118 120
4524 117 170 171
4525 103 154 149
4526 89 127 120
18108 100 154 150
18109 96 144 142
18110 93 145 143
72444 103 146 138
72445 95 144 147
72446 89 135 130
72447 73 110 115
4528 87 145 152
4529 39 68 103
4530 65 117 133
4531 35 45 80
4532 31 35 67
18132 40 78 114
18133 51 119 160
18134 42 89 128
18135 56 132 172
4534 37 33 61
18140 46 92 130
18141 62 136 176
18142 49 85 124
18143 67 137 178
4536 55 86 101
4537 37 49 84
18152 74 112 120
18153 45 57 85
290464 102 147 147
290465 93 123 138
290466 90 130 138
290467 31 55 71
72617 47 73 92
72618 56 93 108
72619 60 93 109
18155 39 54 87
4539 30 34 78
4540 40 41 75
4541 46 76 116
4542 33 31 65
18172 51 94 136
18173 61 119 162
18174 52 112 158
18175 74 150 193
18176 76 130 138
18177 35 82 109
18178 34 70 99
18179 27 60 94
4545 32 70 105
4546 38 89 126
18188 45 107 146
18189 58 130 167
18190 55 137 178
18191 71 152 191
4548 30 81 120
4549 37 97 137
4550 80 162 199
4551 86 174 211
4552 62 142 182
4553 91 177 215
4554 69 151 190
4555 91 177 217
1139 96 186 223
4560 42 112 152
4561 39 97 135
4562 84 175 212
4563 76 168 206
4564 33 83 122
4565 30 69 105
4566 65 154 194
4567 54 138 178
1142 93 187 225
1143 77 170 211
1144 79 157 197
4580 91 175 215
4581 90 180 219
4582 75 158 200
4583 85 173 215
4584 50 93 136
18340 51 110 154
18341 53 111 154
18342 45 94 142
18343 36 60 105
18344 59 113 154
18345 71 144 185
18346 75 153 195
18347 68 149 190
18348 73 148 193
18349 53 111 158
18350 65 141 183
18351 52 123 168
4588 44 91 136
4589 61 141 186
18360 47 106 156
18361 51 115 162
18362 51 122 166
18363 68 146 188
18364 60 133 176
18365 79 167 210
18366 69 153 195
18367 77 165 207
4592 91 180 219
4593 92 178 217
4594 87 176 218
4595 72 155 198
4596 83 172 213
4597 73 160 200
4598 57 132 174
4599 60 135 176
4600 67 152 195
4601 42 87 129
4602 71 153 194
4603 47 101 144
4604 41 92 135
18420 46 111 155
18421 53 122 166
18422 53 123 168
18423 35 82 127
4606 63 142 184
18428 72 163 207
18429 60 142 188
18430 61 148 191
18431 60 142 186
4608 54 61 69
4609 66 88 86
4610 58 78 84
4611 63 90 91
1153 63 85 84
1154 54 65 70
1155 51 62 64
289 64 89 83
18560 49 48 53
18561 50 57 62
74248 47 45 51
74249 69 73 82
74250 48 46 50
74251 57 59 67
18563 50 56 62
4641 47 64 71
4642 46 47 53
4643 42 52 60
1161 49 62 66
1162 47 45 52
1163 44 60 64
4656 62 81 82
4657 59 81 80
4658 55 72 76
4659 56 76 80
1165 56 79 83
1166 47 59 60
1167 56 75 76
292 59 89 86
1172 56 82 77
4692 57 84 81
4693 55 89 91
4694 55 76 74
4695 53 78 81
1174 58 83 80
1175 56 81 82
294 55 76 78
1180 55 75 75
4724 51 72 76
4725 51 72 75
18904 57 77 74
18905 54 74 71
18906 75 95 85
18907 60 84 80
4727 60 85 81
1182 58 79 76
4732 58 76 76
4733 61 80 78
4734 69 92 86
4735 75 98 91
1184 54 51 57
1185 55 65 66
1186 54 65 85
1187 68 82 82
1188 56 68 65
4756 49 60 61
4757 55 74 76
4758 70 89 84
4759 70 91 87
1190 71 84 77
4764 87 102 86
4765 74 97 90
4766 54 81 90
4767 44 88 111
298 47 69 105
1196 43 67 98
1197 45 88 120
1198 40 67 101
4796 44 65 99
4797 45 88 124
4798 42 71 108
4799 43 66 105
4800 64 81 80
4801 73 90 83
4802 71 97 92
4803 63 94 97
1201 66 91 89
4808 53 95 106
4809 46 94 111
4810 43 89 116
4811 37 74 102
1203 39 75 98
4816 79 100 91
4817 82 103 93
4818 55 82 88
19276 74 98 92
19277 75 102 94
19278 48 73 84
19279 46 68 79
4820 86 107 96
4821 83 107 100
4822 82 106 96
4823 73 98 98
1206 41 75 94
1207 38 49 67
1208 44 92 121
1209 41 95 125
4840 46 109 140
4841 49 121 151
4842 41 56 92
4843 45 72 108
4844 46 116 145
4845 43 108 135
19384 50 105 136
19385 49 116 147
19386 49 71 104
19387 46 98 135
4847 42 103 137
1212 35 69 98
1213 35 61 84
1214 35 90 122
4860 34 72 98
4861 33 76 111
4862 35 84 121
4863 35 50 84
1216 55 86 93
4868 59 84 82
19476 76 120 118
19477 60 95 107
19478 64 93 93
19479 52 83 101
4870 51 71 72
19484 49 69 75
19485 48 68 86
19486 44 54 63
19487 39 52 68
1218 51 74 76
1219 45 57 64
1220 35 45 79
4884 27 24 57
19540 50 115 162
19541 72 160 204
19542 43 95 142
19543 61 144 190
4886 30 26 61
19548 34 67 112
19549 63 140 186
19550 30 47 89
19551 53 120 168
1222 32 33 65
4892 30 23 55
4893 33 54 95
4894 29 26 64
4895 31 35 70
1224 55 80 80
4900 53 77 75
4901 45 64 73
4902 62 91 92
19612 55 82 85
19613 37 53 72
19614 68 101 106
19615 40 62 84
4904 64 85 81
4905 68 94 89
4906 74 104 97
4907 77 108 101
4908 66 96 94
19636 60 94 95
19637 41 63 80
19638 79 114 110
78556 74 103 106
78557 38 57 72
78558 77 112 108
78559 50 74 80
4910 80 112 107
19644 76 112 109
19645 68 102 103
19646 82 113 106
78588 81 108 107
314356 81 112 108
314357 88 116 116
314358 67 93 93
1257436 54 80 79
1257437 76 103 100
1257438 166 194 193
1257439 91 117 114
78590 77 108 101
78591 74 103 99
1228 36 40 71
1229 29 24 60
4920 40 50 74
4921 33 35 71
4922 44 57 75
4923 33 32 62
1231 28 24 61
1232 85 169 212
1233 85 168 210
4936 63 131 178
4937 72 152 198
4938 50 106 154
4939 60 129 175
4940 69 154 199
19764 79 157 201
19765 86 167 211
19766 63 135 180
19767 49 104 151
4942 62 139 185
19772 82 170 215
19773 65 140 184
19774 61 135 186
19775 62 141 190
1236 68 141 183
4948 73 161 204
4949 88 179 220
4950 75 152 196
4951 82 167 213
19808 70 142 186
19809 53 108 153
19810 36 74 121
19811 35 60 102
4953 41 78 121
4954 47 100 146
4955 47 97 141
19824 47 102 145
19825 86 166 209
19826 45 94 137
19827 74 153 195
4957 78 162 206
4958 53 109 152
4959 55 120 161
19840 33 55 96
19841 50 107 155
19842 29 22 53
19843 35 57 100
4961 60 126 171
4962 29 25 56
19852 31 42 78
19853 39 81 125
19854 28 24 52
19855 29 30 63
4964 71 151 194
79440 64 139 185
79441 54 126 175
79442 82 166 210
79443 73 156 203
19861 66 142 193
19862 73 153 196
19863 59 133 181
19864 51 117 162
19865 68 145 188
19866 30 55 98
19867 49 108 155
4967 78 160 204
1242 27 21 49
4972 30 31 59
79568 52 105 155
79569 62 132 179
79570 26 48 90
79571 43 86 133
19893 63 137 184
19894 33 36 65
19895 39 61 96
4974 28 25 49
4975 31 29 52
4976 51 116 166
4977 48 102 148
4978 78 164 207
4979 67 143 185
1245 55 119 162
19936 69 154 200
19937 71 149 195
19938 42 81 124
19939 42 85 128
19940 60 136 181
19941 54 123 166
19942 40 80 123
19943 39 76 116
4986 33 41 69
4987 34 59 94
4988 43 88 128
4989 36 67 106
4990 36 54 87
4991 34 49 80
4992 87 113 104
4993 84 114 105
4994 75 100 96
4995 76 104 98
4996 77 107 103
4997 73 104 101
19992 75 102 96
19993 73 102 98
19994 71 102 100
79980 69 97 95
79981 81 117 118
79982 50 76 85
79983 42 72 82
4999 58 91 89
1250 38 52 67
1251 36 52 65
5008 62 85 89
5009 36 34 60
5010 55 80 84
5011 35 32 61
1253 31 27 61
1254 35 32 51
1255 31 27 57
314 34 38 59
1260 34 26 49
5044 35 29 60
5045 30 46 91
5046 32 50 97
20188 27 49 100
20189 31 80 133
20190 30 75 128
20191 32 97 152
5048 33 28 53
5049 32 57 102
5050 33 40 72
20204 38 71 116
20205 44 114 159
20206 40 95 142
20207 54 135 180
5052 39 97 150
20212 32 94 151
20213 35 107 163
20214 44 123 177
80860 46 118 175
80861 60 151 191
80862 69 158 200
80863 76 167 205
20216 54 131 178
20217 67 152 197
20218 70 159 201
20219 71 164 206
80880 69 162 207
80881 77 166 206
80882 45 136 186
80883 75 170 210
20221 83 178 213
20222 78 175 215
20223 89 191 224
1264 28 26 54
1265 31 34 56
5064 29 27 56
5065 31 38 66
5066 32 48 85
20268 29 55 89
20269 35 80 118
20270 39 102 149
20271 50 131 172
5068 35 54 84
5069 43 86 119
20280 48 112 151
20281 52 123 162
20282 63 146 184
20283 72 155 190
20284 56 129 166
20285 66 147 184
20286 82 166 201
20287 86 174 210
5072 34 44 70
5073 56 113 148
5074 33 52 81
5075 56 114 147
1269 55 112 147
20320 43 93 124
20321 52 112 146
20322 63 139 175
20323 76 154 189
5081 71 144 178
5082 85 168 203
20332 89 173 209
20333 84 173 209
81336 95 182 215
81337 89 173 207
81338 90 180 212
81339 97 189 223
20335 91 183 218
1271 75 160 198
20352 27 54 103
20353 43 108 155
20354 33 84 136
20355 49 130 175
5089 71 159 197
20360 45 121 173
20361 67 152 195
20362 48 136 185
20363 75 165 205
5091 90 181 219
1273 95 186 220
20384 56 153 199
20385 80 178 214
20386 81 183 218
20387 87 188 225
5097 92 190 226
5098 89 190 223
20396 91 191 225
20397 100 197 231
20398 100 199 229
326384 88 191 223
326385 98 194 228
326386 88 191 222
1305549 146 236 255
1305551 43 119 156
81597 105 201 230
81598 112 208 238
81599 106 203 235
1275 101 196 229
319 101 194 229
320 77 121 102
321 72 120 102
1288 90 137 130
1289 85 134 126
1290 28 44 71
5164 34 56 80
20660 54 93 106
20661 66 111 120
20662 23 37 70
20663 22 35 66
5166 25 31 51
5167 22 30 52
1292 82 130 121
1293 85 133 121
20704 67 122 129
20705 79 126 125
20706 23 41 67
20707 36 62 82
20708 83 132 126
20709 85 134 125
82840 78 129 132
82841 78 130 129
82842 28 48 73
82843 43 75 94
20711 74 125 127
5178 19 30 59
5179 18 26 53
5180 82 133 127
5181 87 138 129
20728 37 68 89
20729 59 111 121
20730 18 17 39
20731 21 21 40
20732 78 135 131
20733 86 139 131
82936 55 96 112
82937 75 130 140
82938 16 15 34
82939 27 51 67
82940 78 137 135
82941 84 142 136
82942 55 105 121
82943 77 132 134
1296 64 112 91
20752 57 95 75
332048 35 72 53
332049 35 69 49
332050 86 136 127
332051 63 103 83
83013 48 87 67
83014 52 99 76
83015 52 98 75
20754 62 107 82
20755 58 105 81
5189 53 101 79
5190 71 118 98
5191 67 115 97
1298 78 127 112
1299 74 125 113
325 68 115 99
326 89 140 129
327 83 134 127
1312 30 67 102
1313 26 35 60
1314 47 127 168
1315 30 70 106
1316 24 20 38
5268 22 20 41
21076 21 14 30
84308 16 27 46
84309 50 98 119
84310 21 15 30
84311 19 26 47
21078 23 17 35
21079 24 13 28
5270 24 17 35
5271 26 15 31
1318 24 28 53
1319 26 16 31
1320 62 139 180
1321 50 114 153
5288 38 81 123
5289 36 68 108
5290 53 127 171
5291 58 126 169
5292 34 61 97
5293 40 82 121
5294 66 144 187
5295 64 141 182
1324 30 46 78
1325 29 17 35
5304 37 75 115
5305 29 35 65
5306 42 91 131
5307 29 36 67
1327 33 20 40
84992 71 129 135
84993 80 140 137
84994 42 79 95
84995 73 123 133
21249 86 142 137
21250 25 24 38
85004 61 105 117
85005 83 139 137
85006 28 35 56
85007 53 96 111
5313 88 147 142
5314 24 15 29
85040 66 107 123
85041 75 134 139
85042 21 31 51
340172 51 93 108
340173 78 135 143
340174 7 29 49
340175 41 78 97
21261 85 146 144
21262 18 14 27
85052 30 65 81
85053 74 133 136
85054 20 25 45
85055 49 88 102
1329 97 149 141
1330 23 13 26
85184 58 112 121
85185 83 137 135
85186 28 49 75
85187 78 125 129
21297 97 147 141
85192 25 31 54
340772 22 36 46
340773 92 137 144
340774 11 17 30
340775 64 100 110
85194 22 14 30
85195 18 19 33
85196 80 133 135
85197 99 150 143
340792 65 101 107
340793 84 140 142
340794 9 14 24
340795 70 108 116
85199 89 138 138
5325 106 154 145
21304 23 11 25
85220 17 24 38
85221 80 129 130
85222 24 20 43
340892 9 22 37
340893 85 136 139
340894 24 32 48
340895 66 106 114
21306 22 11 23
85228 23 15 31
340916 16 14 29
1363670 13 22 35
1363671 104 138 147
340918 24 23 39
340919 44 59 71
85230 20 10 23
85231 20 21 34
21308 94 145 138
21309 105 153 144
21310 80 127 123
21311 87 130 114
333 96 148 140
1336 28 14 28
5348 25 13 24
85584 41 58 64
85585 76 110 103
85586 25 26 31
85587 69 101 95
21397 71 117 103
21398 43 54 56
21399 66 109 101
5350 28 14 27
21404 36 36 46
21405 65 101 93
21406 28 22 35
21407 66 94 88
1338 32 16 29
5356 31 16 31
5357 43 44 49
5358 31 18 34
21436 34 20 31
21437 49 60 59
21438 33 19 31
21439 40 44 48
1340 63 104 98
1341 76 122 112
1342 55 80 68
1343 68 96 80
336 71 116 98
337 78 120 98
338 88 137 128
339 91 141 132
1360 75 113 83
1361 80 113 85
1362 80 128 115
1363 83 132 117
1364 79 112 84
1365 75 111 90
1366 84 132 118
1367 79 121 111
342 88 141 134
1372 92 141 130
1373 89 133 123
1374 94 148 140
1375 92 142 135
344 102 155 148
345 102 158 155
1384 90 138 121
1385 91 142 131
1386 76 106 86
1387 75 108 91
347 101 163 163
348 95 153 152
349 101 155 151
350 98 162 164
1404 99 150 145
5620 112 167 163
5621 101 149 146
5622 101 142 128
5623 88 120 111
1406 96 140 130
1407 102 137 129
1408 82 170 214
5636 64 151 196
5637 52 120 163
5638 57 127 171
5639 42 91 133
1410 62 134 176
1411 41 85 126
1412 28 43 74
1413 33 23 40
1414 26 33 62
1415 31 23 41
1416 49 102 143
1417 34 62 99
1418 31 49 82
1419 31 44 73
355 28 28 51
356 33 22 33
5712 58 80 71
5713 57 84 73
91424 88 120 121
91425 66 104 104
91426 49 61 66
91427 62 86 81
91428 69 106 109
91429 76 113 114
91430 59 86 82
91431 69 98 94
22858 44 50 49
22859 47 61 51
91440 75 115 113
91441 81 120 117
91442 66 100 95
91443 67 98 90
22861 68 101 93
22862 51 68 62
22863 54 73 62
5716 57 87 78
5717 68 98 83
22872 80 115 111
22873 77 117 114
22874 55 73 64
22875 61 80 72
5719 73 108 97
5720 40 44 46
5721 45 57 53
5722 37 42 49
5723 50 68 61
1431 53 70 62
358 31 21 33
1436 44 57 63
1437 56 78 72
5752 34 33 47
5753 51 65 60
5754 32 25 34
5755 46 54 46
1439 55 77 69
1440 41 89 125
1441 42 95 130
1442 75 158 195
1443 78 162 198
1444 39 94 129
1445 23 39 74
5784 65 148 186
5785 51 132 171
5786 71 163 200
5787 61 151 189
5788 34 95 140
5789 26 46 86
5790 41 113 158
5791 29 58 101
1448 95 189 225
5796 96 188 223
5797 84 180 216
5798 98 191 225
5799 86 182 218
1450 104 198 231
1451 94 189 224
1452 67 160 200
23248 47 129 173
23249 32 91 140
23250 48 137 183
23251 33 105 152
5813 27 62 109
5814 34 100 149
5815 24 57 106
5816 78 172 209
5817 57 151 192
5818 70 169 207
5819 50 142 187
5820 31 95 145
5821 24 66 119
5822 33 92 144
5823 30 73 121
1456 25 21 44
1457 28 26 45
1458 28 44 83
1459 30 43 72
1460 32 28 36
5844 52 73 67
5845 58 84 73
5846 35 45 49
5847 40 56 57
1462 32 25 43
1463 32 31 46
1464 28 53 97
1465 28 34 59
1466 31 65 105
23472 22 43 74
23473 27 32 55
23474 30 58 91
23475 30 70 106
23476 25 32 52
23477 31 53 79
23478 40 89 125
23479 34 85 124
23480 40 99 137
23481 44 104 142
23482 42 89 128
93932 31 83 121
93933 34 78 119
93934 51 119 155
93935 55 126 162
5871 48 116 153
1468 29 32 58
1469 32 40 71
23520 30 55 86
23521 36 69 104
23522 36 92 132
23523 38 91 133
23524 31 64 99
23525 30 65 100
23526 41 100 141
23527 38 96 137
23528 39 101 141
23529 50 115 153
23530 56 130 166
23531 54 118 154
23532 51 119 155
23533 51 116 153
94136 51 121 159
94137 49 111 150
94138 29 72 112
94139 34 65 105
23535 41 80 119
5884 38 80 116
23540 35 65 99
23541 35 58 91
23542 34 76 114
23543 33 65 99
23544 57 123 158
23545 54 113 146
23546 35 63 98
23547 36 59 90
23548 52 107 139
23549 42 86 119
23550 32 41 72
23551 32 40 68
5888 70 96 76
5889 69 93 73
5890 77 111 94
5891 83 114 92
1473 75 105 85
1474 61 77 64
1475 61 78 65
5904 77 109 94
5905 95 144 135
5906 88 127 109
5907 89 134 119
1477 94 150 147
1478 66 89 74
1479 70 97 81
370 62 85 73
1484 67 85 71
1485 70 89 75
1486 59 78 71
1487 60 77 69
5952 94 154 157
5953 91 153 157
5954 85 134 129
5955 80 127 125
1489 86 134 133
1490 73 103 91
1491 69 89 80
1492 91 134 129
1493 91 121 115
1494 66 85 79
5980 75 95 87
5981 82 95 91
5982 72 92 89
23932 75 93 91
23933 99 107 108
23934 79 93 92
23935 87 95 91
1496 65 86 76
1497 70 86 77
1498 60 77 70
1499 71 89 79
1500 67 83 79
6004 76 91 84
6005 87 97 93
6006 74 93 86
24028 74 91 87
24029 78 82 81
24030 72 93 93
96124 78 86 86
384500 66 68 67
384501 124 121 121
384502 72 73 73
384503 82 77 78
96126 75 81 80
96127 69 64 65
1502 73 88 80
6012 76 91 90
6013 72 81 82
6014 83 96 89
6015 67 76 78
1504 51 81 77
6020 59 88 79
6021 61 92 87
6022 52 81 77
6023 68 100 91
6024 36 52 56
6025 35 55 60
6026 43 61 70
6027 46 75 83
6028 39 63 64
6029 41 67 69
6030 55 97 104
6031 70 122 126
1508 64 93 85
6036 66 88 79
6037 65 87 81
6038 60 112 118
6039 57 119 135
6040 42 67 66
6041 43 68 71
6042 73 130 138
6043 68 129 144
1511 58 119 137
1512 33 37 58
6052 35 65 74
6053 49 102 116
6054 33 43 63
24220 40 81 99
24221 41 87 104
96888 31 74 93
96889 48 95 114
96890 27 41 65
96891 34 60 87
24223 35 69 89
6056 33 53 82
6057 32 36 58
6058 39 53 81
6059 36 34 55
1515 35 26 42
6064 66 127 137
6065 71 132 144
24264 45 89 105
24265 40 93 116
24266 35 76 94
24267 58 113 127
6067 49 101 121
6068 68 127 138
6069 61 125 140
6070 56 114 131
24284 55 115 136
24285 56 123 146
24286 62 126 141
24287 61 126 141
6072 34 47 70
24292 42 81 110
24293 47 89 116
24294 37 54 84
24295 30 60 92
6074 41 26 39
6075 39 27 45
24304 60 95 117
24305 64 115 134
24306 32 62 92
24307 38 69 97
97232 83 137 147
97233 86 144 155
97234 57 101 122
97235 72 114 134
24309 85 139 148
24310 43 71 100
24311 48 89 120
6078 39 45 74
6079 44 58 93
1520 62 102 109
1521 61 94 99
1522 58 105 117
1523 62 102 111
1524 72 90 91
1525 71 93 103
1526 68 85 93
1527 69 89 100
1528 56 112 131
1529 66 116 130
24480 85 140 147
24481 80 134 142
24482 60 107 132
97932 76 128 143
97933 65 117 134
97934 58 108 128
97935 61 109 131
6121 72 123 142
6122 47 58 91
6123 55 67 92
24496 84 145 160
24497 89 150 160
24498 63 95 118
24499 77 115 138
6125 82 140 155
6126 60 79 99
24508 63 92 106
24509 64 94 104
98040 58 77 86
98041 63 80 95
98042 74 112 134
98043 71 115 131
24511 71 111 127
1532 70 107 120
6132 66 89 103
24532 65 88 101
24533 81 88 94
24534 60 82 94
24535 75 87 95
6134 63 91 108
6135 65 89 105
1534 76 128 147
6140 68 118 140
6141 69 101 118
6142 74 125 142
6143 78 124 141
1536 56 59 92
1537 44 72 118
1538 58 46 68
6156 43 61 118
6157 42 71 133
6158 43 40 80
6159 44 68 130
1540 42 76 121
6164 43 73 114
6165 46 79 121
6166 46 93 143
6167 45 97 145
1542 43 84 144
1543 44 87 145
1544 62 48 65
1545 47 38 69
6184 60 55 77
6185 57 57 80
6186 67 66 89
24748 53 50 73
24749 57 54 78
99000 54 52 74
99001 60 57 81
99002 62 73 106
99003 60 81 114
24751 56 73 106
1547 57 82 112
1548 44 60 122
1549 42 68 133
1550 60 106 143
1551 59 110 148
1552 46 84 126
1553 43 96 135
1554 45 92 144
6220 46 87 126
6221 40 77 117
6222 47 105 150
24892 42 87 134
24893 39 57 96
24894 50 116 159
24895 48 71 110
6224 37 83 122
6225 42 108 146
24904 47 124 163
24905 45 113 154
24906 36 76 123
24907 43 70 112
24908 48 97 135
24909 47 71 104
24910 46 41 65
24911 43 28 46
24912 45 117 152
24913 41 79 115
24914 41 92 131
24915 38 44 75
6229 39 27 44
24920 44 38 60
24921 44 31 48
24922 39 25 41
24923 43 31 49
6231 39 23 38
6232 43 38 64
6233 46 32 50
6234 46 34 54
6235 50 39 56
1559 47 33 46
1560 39 66 130
6244 41 69 130
6245 44 50 97
6246 41 57 111
6247 44 45 83
6248 60 112 150
6249 55 105 144
6250 57 112 153
6251 54 103 143
6252 52 77 109
6253 53 50 70
100064 50 89 139
100065 57 85 116
100066 52 80 117
100067 49 50 74
25017 48 44 63
25018 49 45 65
25019 49 39 54
6255 48 38 54
391 49 35 48
25088 79 95 126
25089 72 82 113
25090 86 82 95
25091 73 68 83
6273 59 67 93
6274 79 73 86
6275 59 56 75
1569 53 63 87
1570 64 65 86
1571 52 58 81
1572 55 73 98
6292 56 82 111
6293 54 86 115
6294 49 64 87
6295 49 51 73
1574 52 51 69
6300 51 43 60
6301 51 41 57
6302 49 37 51
25212 49 38 51
25213 63 55 68
25214 51 43 57
403440 66 56 69
403441 158 144 158
403442 48 37 50
403443 66 52 65
100861 53 46 61
100862 47 45 60
100863 54 50 68
6304 67 74 96
6305 53 60 89
25224 76 85 108
25225 55 65 92
25226 77 86 108
25227 57 66 94
6307 51 52 79
1577 49 40 60
6312 62 70 96
6313 52 48 71
6314 61 66 92
6315 54 43 66
1579 53 35 47
1580 52 41 58
1581 46 36 56
1582 52 34 48
1583 45 37 61
1584 50 50 70
1585 49 37 50
1586 50 44 61
1587 50 45 65
1588 50 45 62
1589 48 43 63
1590 47 48 71
1591 44 48 72
6368 46 33 55
6369 48 34 55
25480 42 35 62
25481 46 28 49
25482 45 33 59
101932 51 33 53
101933 44 40 68
101934 41 62 99
101935 46 61 98
25484 44 36 64
25485 45 55 95
25486 42 56 94
25487 40 63 102
6372 43 28 48
6373 42 30 50
25496 42 47 88
25497 39 36 70
25498 38 67 111
101996 43 73 116
101997 43 87 135
101998 45 99 146
101999 34 65 116
6375 36 50 91
1594 42 61 102
25520 43 84 129
25521 35 54 101
25522 39 52 96
25523 37 44 82
25524 36 33 71
25525 35 37 73
25526 38 65 106
102108 38 71 116
102109 44 80 126
408440 38 82 128
408441 14 47 93
408442 40 98 142
408443 58 134 176
102111 44 111 154
25528 38 72 114
102116 49 90 131
102117 50 98 140
102118 35 74 117
408476 38 75 120
408477 33 72 116
408478 61 129 168
408479 58 139 176
25530 43 79 119
102124 58 119 161
408500 100 189 227
408501 63 137 175
408502 64 139 180
408503 39 93 134
102126 35 42 85
102127 46 75 117
25532 43 110 152
25533 40 72 115
25534 39 58 100
25535 38 43 86
1596 39 42 71
6388 40 31 49
6389 42 28 44
6390 37 51 88
6391 37 36 67
25568 35 51 87
25569 36 63 105
25570 40 92 137
25571 36 65 112
25572 40 69 110
25573 39 57 99
25574 37 55 93
102300 31 34 68
409204 35 20 45
409205 25 16 47
409206 42 74 112
409207 49 88 134
102302 47 81 126
409212 42 81 126
409213 34 64 110
409214 24 43 89
1636860 17 32 76
1636861 24 59 100
1636862 37 82 125
1636863 100 144 188
25576 37 38 81
25577 38 41 84
25578 38 56 101
25579 40 78 122
25580 39 65 106
102324 49 83 127
102325 48 92 135
409304 35 69 112
409305 48 93 136
409306 64 114 154
409307 33 56 98
409308 81 134 176
409309 39 68 109
409310 30 39 80
409311 30 32 68
25582 44 82 124
102332 41 56 98
102333 48 81 118
102334 37 47 90
102335 35 39 79
25584 38 51 89
25585 38 48 84
25586 42 71 116
25587 39 70 114
25588 38 39 73
25589 39 34 63
25590 35 47 89
102364 33 44 84
102365 40 40 78
102366 31 59 101
102367 42 85 129
102368 52 97 142
102369 44 72 117
102370 39 48 84
409484 34 31 66
409485 26 34 70
409486 43 61 98
1637949 115 166 199
1637951 33 50 89
102372 37 42 79
102373 36 48 88
1637985 9 16 51
1637987 92 140 185
409497 48 86 129
409498 53 86 124
409499 34 67 109
102375 42 76 121
102376 63 102 141
102377 59 83 126
102378 48 52 85
409516 20 31 66
409517 34 52 93
409518 32 68 102
409519 48 107 144
102380 37 47 87
102381 41 80 121
409528 63 90 132
409529 40 78 119
409530 86 149 189
409531 34 73 119
102383 44 65 107
25596 43 80 127
25597 32 60 104
102392 40 66 109
102393 33 39 79
102394 34 36 76
409580 36 43 86
409581 36 76 119
409582 42 86 128
409583 69 145 184
25599 45 101 144
1600 37 28 43
1601 34 31 53
1602 45 36 51
1603 40 54 78
6416 33 49 86
25668 38 90 138
25669 51 133 177
25670 35 70 112
25671 40 104 151
6418 39 61 94
6419 40 76 115
6420 74 172 212
6421 92 194 227
102752 36 98 147
102753 49 124 169
102754 37 75 117
102755 42 88 132
25689 50 126 168
25690 45 85 122
25691 45 94 134
25692 66 156 195
25693 77 176 212
25694 38 87 130
102780 35 103 147
102781 54 131 172
102782 28 66 111
102783 33 81 127
1606 40 65 92
25712 42 75 111
25713 43 74 111
25714 44 72 101
25715 38 58 88
6429 41 76 116
6430 39 55 80
6431 40 63 93
402 44 39 54
403 38 41 59
6464 98 198 227
6465 96 195 229
25864 91 190 223
25865 99 198 229
25866 46 113 155
103468 80 170 205
103469 85 177 212
103470 52 113 160
103471 49 120 167
25868 94 194 225
25869 94 192 225
103480 83 177 212
103481 85 180 215
103482 63 143 184
103483 65 148 186
25871 76 163 199
1617 95 186 220
6472 38 80 124
6473 40 81 122
6474 40 67 95
25900 44 82 117
25901 43 82 117
25902 42 79 109
103612 45 86 119
103613 55 94 125
103614 54 88 115
103615 45 82 113
6476 49 98 138
103632 81 163 200
103633 87 172 208
103634 47 102 143
103635 54 117 157
103636 97 186 221
103637 96 187 220
103638 59 127 167
103639 59 130 170
25910 47 89 128
25911 55 101 141
6478 47 90 123
6479 47 87 121
1620 111 204 233
1621 121 208 232
103808 104 199 231
103809 105 201 232
103810 68 148 188
103811 66 151 191
25953 89 180 216
25954 44 92 134
25955 40 96 139
25956 93 184 219
25957 99 188 222
25958 44 102 146
103836 48 122 167
103837 53 129 173
103838 39 93 137
103839 37 91 138
6490 48 90 126
6491 44 88 127
25968 101 188 222
25969 106 191 221
25970 50 112 157
25971 56 122 163
25972 111 200 230
25973 109 199 230
103896 87 166 200
103897 81 159 199
103898 52 104 148
103899 45 96 140
103900 77 161 197
103901 83 168 203
103902 52 100 145
103903 48 107 150
6494 43 85 125
6495 44 85 124
1624 43 67 89
1625 44 75 99
1626 40 46 64
1627 39 45 64
1628 41 67 95
1629 41 67 91
1630 40 55 75
1631 40 56 75
1632 47 34 47
1633 44 33 47
1634 39 36 58
1635 37 25 41
409 40 29 42
1640 39 29 48
1641 37 23 39
6568 37 41 76
6569 40 28 52
26280 39 88 134
105124 40 109 152
105125 39 84 127
105126 36 70 110
105127 43 42 75
26282 44 63 100
26283 44 65 99
26284 42 39 67
26285 43 59 88
26286 46 98 138
26287 50 101 141
6572 41 24 38
6573 41 25 37
105184 42 40 59
105185 48 66 92
105186 56 101 141
105187 35 73 115
105188 41 56 86
105189 48 57 89
105190 45 86 121
105191 51 105 138
105192 48 93 132
105193 48 121 164
105194 70 152 192
105195 72 158 200
26299 74 161 202
105200 42 55 79
105201 44 59 84
105202 66 139 175
105203 73 158 195
420816 43 42 61
420817 48 47 67
420818 42 74 105
1683277 0 20 47
1683279 69 134 168
420820 42 42 61
420821 42 43 65
420822 61 111 140
420823 61 117 147
105206 68 155 196
105207 71 156 197
26302 82 172 212
26303 80 171 212
1644 40 22 35
1645 38 21 35
6584 43 26 40
6585 41 25 40
105376 53 98 128
421508 23 44 66
421509 31 42 70
421510 67 139 174
421511 87 150 189
105378 74 161 203
105379 73 161 203
421520 33 47 74
421521 22 37 64
421522 67 134 173
421523 71 142 181
105381 56 109 146
105382 71 158 202
105383 65 147 193
26346 82 173 215
26347 72 161 205
105392 52 100 137
105393 48 93 129
105394 65 145 192
105395 58 137 184
105396 43 80 116
105397 45 70 103
105398 63 131 179
105399 59 127 174
26350 70 155 201
26351 69 148 194
6588 39 24 39
6589 39 29 45
105440 38 50 81
105441 43 43 70
105442 56 121 167
105443 57 117 162
26361 42 66 99
26362 63 139 185
26363 59 130 177
26364 43 48 72
26365 41 31 47
26366 56 123 168
26367 56 113 158
412 40 38 54
413 39 41 58
1656 39 31 45
1657 39 37 52
6632 39 27 40
6633 38 24 37
26536 40 28 43
26537 41 28 41
26538 49 92 132
26539 46 67 99
6635 41 30 46
1659 40 23 36
415 39 23 35
1664 57 49 71
6660 56 34 46
6661 57 35 46
6662 56 34 43
6663 53 31 44
6664 59 60 87
6665 52 31 46
6666 56 55 88
6667 52 35 55
1667 48 26 36
417 48 26 37
26752 59 68 112
26753 55 62 106
26754 56 48 78
26755 47 30 52
6689 52 33 49
6690 55 34 46
6691 52 29 38
1673 45 21 31
1674 49 25 34
1675 41 16 23
419 42 18 28
6720 43 60 98
26884 39 64 107
26885 48 88 129
26886 45 78 117
26887 42 56 93
6722 44 43 73
6723 44 38 66
6724 42 50 89
26900 41 42 82
107604 39 50 91
107605 42 78 118
107606 44 81 122
430428 49 92 132
430429 26 62 103
430430 21 54 96
1721724 27 67 108
1721725 35 98 136
1721726 57 118 158
1721727 105 180 218
26902 45 70 114
26903 45 68 108
6726 42 58 101
6727 42 48 87
1682 42 26 44
1683 39 27 51
26944 44 103 143
26945 43 77 118
26946 42 51 91
26947 44 41 71
26948 35 35 74
107796 37 34 68
107797 31 36 74
107798 33 33 70
431196 30 37 77
431197 44 93 136
431198 40 83 126
431199 71 135 177
26950 41 53 90
431216 23 34 75
431217 48 104 144
431218 63 114 157
431219 61 125 170
107805 40 74 119
107806 40 66 112
107807 38 36 80
6738 39 40 74
6739 39 45 84
107840 53 107 146
107841 51 110 153
107842 52 91 135
107843 41 50 90
107844 36 45 91
107845 33 34 72
107846 36 33 71
107847 46 78 120
26962 39 38 76
107852 35 55 94
107853 41 69 114
107854 52 94 141
107855 38 39 81
107856 49 91 130
107857 39 91 134
107858 31 38 80
107859 45 59 102
26965 38 45 84
26966 41 44 85
26967 43 45 79
107872 46 42 76
431492 11 16 56
431493 84 132 179
431494 51 78 118
431495 55 96 144
107874 34 48 84
107875 55 95 140
26969 42 45 84
26970 42 69 109
26971 45 48 80
6743 45 52 88
6744 38 39 71
26980 37 34 65
26981 38 50 87
26982 44 37 61
26983 40 34 58
6746 41 25 42
6747 42 34 54
1687 42 37 61
422 39 17 29
1692 38 15 25
6772 41 21 35
6773 39 21 38
6774 38 16 27
108400 35 10 22
108401 35 24 41
108402 35 23 40
108403 52 91 128
108404 44 68 98
108405 55 110 152
108406 56 108 152
108407 61 114 157
27102 50 87 135
27103 44 89 135
1694 38 15 28
6780 39 26 47
6781 41 75 126
6782 39 39 71
6783 37 65 117
424 42 17 28
425 38 15 26
1704 41 16 27
1705 35 12 22
6824 39 12 25
6825 36 10 22
27304 56 29 40
27305 37 10 19
109224 81 62 70
109225 50 23 32
109226 88 73 80
109227 82 59 64
27307 49 19 25
6827 39 10 18
1707 37 10 20
427 34 10 20
428 36 15 27
429 36 20 39
430 34 11 23
1724 31 12 28
1725 32 13 33
1726 35 14 30
6908 33 15 36
6909 31 11 30
27640 37 15 30
27641 36 12 26
27642 37 12 21
110572 40 15 24
110573 35 8 20
110574 44 19 22
442300 57 36 41
442301 82 71 78
442302 40 16 21
442303 67 48 56
6911 41 17 28
27648 43 53 82
27649 51 106 144
27650 48 75 109
27651 51 99 138
27652 48 96 133
27653 69 147 186
27654 59 114 151
27655 73 152 192
6914 47 78 116
6915 64 127 170
1729 75 155 197
6920 41 55 91
6921 50 84 127
6922 43 39 64
6923 44 48 75
6924 55 103 149
6925 54 104 151
6926 43 51 83
6927 44 63 99
1732 73 155 199
1733 69 151 196
1734 56 111 157
1735 58 131 180
27776 44 26 43
27777 39 24 43
111112 42 23 40
111113 41 22 41
111114 45 68 92
111115 46 85 119
27779 50 87 122
27780 40 30 50
111124 45 35 54
111125 41 33 54
111126 47 55 78
444508 33 32 49
444509 32 42 64
444510 66 106 143
444511 56 109 151
27782 54 113 156
27783 52 112 157
6946 47 91 137
6947 46 90 136
6948 52 97 137
6949 60 126 168
6950 56 115 159
6951 63 135 179
1738 46 89 137
1739 51 110 158
1740 55 111 158
1741 46 94 145
1742 55 121 170
1743 42 77 126
6976 62 135 182
6977 60 123 171
6978 68 149 194
6979 65 143 188
111680 45 66 96
111681 44 54 78
111682 58 120 170
111683 60 120 167
27921 49 76 109
27922 67 137 184
27923 65 137 185
111696 45 27 45
111697 42 26 42
111698 54 87 124
111699 50 71 104
27925 43 35 56
27926 64 136 185
27927 59 122 169
6982 65 141 186
6983 61 136 184
1746 63 140 188
1747 60 138 187
27968 40 20 37
27969 42 19 35
27970 50 89 134
27971 45 48 79
6993 41 18 31
6994 56 120 172
27980 47 74 118
111924 38 21 34
111925 42 18 29
111926 49 82 129
111927 46 70 109
27982 53 119 172
27983 52 116 166
6996 41 18 28
6997 43 20 27
111968 44 20 31
111969 39 15 25
111970 43 49 74
111971 42 35 53
27993 41 21 30
27994 50 111 162
111980 53 99 139
111981 46 64 88
111982 49 107 161
111983 49 119 171
27996 41 20 25
27997 42 20 24
111992 41 39 49
111993 38 22 30
111994 51 109 154
111995 45 91 128
27999 42 39 56
1750 57 129 180
7004 56 136 188
7005 55 126 177
28024 52 122 176
28025 59 139 192
28026 40 66 116
28027 44 85 138
7007 59 137 191
1752 50 108 160
1753 52 118 170
1754 39 65 111
7020 40 76 124
7021 43 89 140
7022 37 66 111
7023 36 59 105
7024 51 120 173
7025 58 131 181
7026 45 91 140
7027 45 90 140
28112 44 75 118
28113 34 43 81
28114 59 133 185
28115 48 103 153
7029 36 57 101
7030 50 116 170
7031 47 109 162
7032 53 123 176
28132 48 113 162
28133 35 61 106
28134 51 127 180
28135 47 118 171
7034 35 59 107
7035 40 78 132
1759 37 65 113
1760 38 54 100
1761 43 90 140
1762 34 22 49
1763 33 34 71
1764 36 50 90
1765 35 39 73
1766 32 19 47
1767 32 21 49
442 32 11 27
443 30 10 28
111 31 20 41
1792 117 205 231
7172 113 203 233
7173 100 194 228
7174 106 197 227
7175 90 182 217
28704 111 199 228
28705 108 196 226
114824 85 170 203
114825 81 165 198
114826 53 112 155
114827 49 107 150
114828 96 180 213
114829 86 171 205
114830 50 113 155
114831 50 113 157
28708 100 191 225
28709 95 187 221
114840 82 171 204
114841 83 171 205
114842 48 114 159
114843 54 120 164
28711 61 137 174
7178 50 91 123
7179 48 91 117
28720 85 176 211
28721 71 160 197
28722 53 120 155
28723 47 106 140
114896 69 163 198
114897 63 149 187
114898 55 129 168
114899 45 114 151
28725 48 114 150
28726 44 96 129
28727 43 93 126
7182 47 89 112
7183 39 67 90
7184 77 175 212
7185 53 144 186
28744 82 175 211
28745 66 156 191
28746 57 134 171
28747 47 115 149
28748 58 134 169
28749 52 120 155
28750 49 107 141
28751 39 90 123
28752 38 113 161
28753 40 104 147
28754 53 126 164
28755 41 101 139
7189 39 92 129
7190 39 86 119
28764 43 89 122
28765 33 65 100
28766 29 48 76
28767 29 39 65
7192 36 81 115
28772 38 87 118
28773 37 81 111
28774 34 57 83
28775 34 62 85
7194 34 53 73
7195 35 43 58
1799 33 32 46
7200 42 72 94
7201 41 71 92
7202 41 59 77
7203 37 49 65
7204 37 56 75
7205 35 41 56
7206 35 35 47
7207 34 28 35
1802 38 40 54
1803 36 26 36
451 35 25 33
7232 42 98 133
28932 49 120 155
28933 53 128 163
28934 38 95 130
28935 36 74 109
7234 33 47 74
7235 33 38 60
28944 55 126 162
28945 48 113 150
28946 34 63 96
28947 32 49 79
7237 32 56 87
7238 35 37 56
7239 32 30 45
1810 37 30 40
7244 37 32 43
7245 35 34 44
7246 38 43 58
7247 40 61 78
7248 30 42 72
7249 32 36 62
7250 34 26 37
7251 35 24 34
1813 33 23 35
29024 41 38 46
29025 42 47 59
29026 42 57 73
29027 39 52 67
7257 39 38 51
7258 40 48 63
7259 37 43 59
1815 36 30 41
454 35 37 51
7280 40 49 63
7281 38 49 66
7282 34 45 65
7283 38 63 88
7284 37 61 82
116560 44 42 57
116561 28 32 50
116562 58 100 120
116563 46 92 117
116564 39 52 74
116565 41 67 90
116566 33 63 93
116567 43 74 97
29142 38 70 94
29143 35 59 86
7286 36 68 98
7287 35 62 91
1822 36 57 86
1823 35 50 77
456 38 26 35
457 35 21 25
1832 37 21 31
1833 36 20 27
1834 39 20 28
1835 37 19 24
459 36 16 19
115 34 19 30
464 36 21 26
1860 43 27 37
1861 44 33 56
1862 42 25 35
1863 49 32 43
1864 33 49 76
1865 37 34 53
1866 34 26 43
1867 37 19 27
467 44 30 38
1872 47 52 96
7492 50 53 87
29972 57 62 88
119892 69 102 124
119893 82 133 149
119894 52 54 79
119895 55 70 98
29974 54 60 99
29975 53 60 99
7494 47 58 104
7495 52 58 100
119936 71 54 66
119937 78 61 84
119938 53 36 44
119939 59 44 64
29985 54 56 98
29986 59 42 51
29987 60 49 68
7497 47 55 112
7498 53 36 49
7499 52 46 79
1875 50 56 106
7504 63 95 124
30020 71 138 166
30021 74 149 175
30022 70 119 143
30023 83 138 155
7506 58 67 111
7507 60 69 107
7508 77 132 148
7509 82 120 129
7510 62 73 113
7511 68 89 137
7512 58 59 103
7513 65 72 121
7514 56 53 94
7515 61 65 114
7516 64 68 112
30068 64 59 84
481104 24 26 50
481105 171 177 199
481106 60 59 80
481107 94 93 114
120277 84 88 116
120278 81 80 101
120279 83 85 103
30070 71 62 84
30071 72 66 86
7518 63 70 116
7519 77 68 90
1880 51 38 53
7524 47 64 112
7525 52 67 112
7526 52 50 82
7527 54 61 107
1882 53 41 53
7532 57 44 60
30132 55 52 89
30133 57 52 88
30134 54 72 105
30135 54 72 106
7534 57 44 57
7535 55 68 98
7536 53 64 111
7537 61 63 99
7538 57 61 105
7539 63 54 82
7540 66 63 92
30164 68 54 75
120660 85 72 90
482644 63 53 71
482645 71 68 86
482646 64 54 68
1930588 68 61 74
1930589 205 204 216
1930590 65 55 68
1930591 120 109 122
120662 68 55 75
120663 68 56 72
30166 72 68 92
30167 71 73 101
7542 68 58 84
30172 78 68 94
30173 68 70 110
30174 70 58 83
120700 68 64 107
482804 74 70 108
482805 49 56 103
482806 98 92 119
1931228 161 152 186
1931229 48 41 74
1931230 109 94 123
1931231 47 37 67
120702 71 64 94
120703 68 60 92
7544 60 69 104
30180 65 57 82
120724 75 61 91
120725 63 49 77
120726 60 53 76
482908 51 41 68
482909 73 67 92
482910 65 59 78
482911 59 57 73
30182 64 71 97
30183 61 58 78
7546 54 77 113
7547 57 84 119
7548 70 60 77
7549 71 62 80
7550 65 73 103
30204 69 65 88
120820 74 70 93
483284 149 148 161
483285 77 79 103
483286 86 88 108
483287 63 68 99
120822 68 68 97
120823 63 64 96
30206 62 75 110
30207 60 76 110
472 33 17 32
473 46 29 35
474 32 16 34
121600 37 21 29
121601 30 12 22
1945633 129 113 121
1945635 26 9 17
486409 30 13 20
486410 34 17 26
486411 34 15 23
121603 30 10 19
30401 33 15 27
30402 35 17 28
30403 33 14 23
7601 37 20 29
7602 33 13 21
7603 36 17 24
1901 44 27 33
1902 37 15 22
1903 43 22 27
476 53 38 47
30528 58 70 105
30529 57 70 106
122120 64 53 70
122121 66 57 78
122122 63 50 61
488492 104 94 105
488493 36 26 37
488494 83 72 82
488495 64 51 62
30531 61 50 66
7633 57 59 84
7634 61 46 58
7635 57 46 63
7636 61 67 92
7637 62 65 91
7638 63 55 74
30556 64 58 80
30557 64 57 78
30558 64 59 77
122236 52 47 69
122237 70 64 84
122238 64 54 73
488956 34 22 35
488957 79 67 80
488958 49 41 58
488959 80 82 102
1910 59 51 69
1911 62 61 87
1912 49 31 37
7652 53 36 43
7653 57 40 47
30616 53 35 41
30617 53 36 41
30618 47 29 34
122476 53 36 41
122477 53 36 41
122478 46 28 34
489916 52 35 40
489917 55 38 43
1959673 55 41 45
1959675 161 145 150
489919 51 34 37
7655 53 35 40
7656 46 28 35
7657 46 27 34
7658 50 30 36
7659 47 27 37
1915 51 31 37
7664 57 43 56
7665 60 59 85
7666 54 36 45
7667 58 50 71
7668 64 64 89
7669 67 69 95
7670 63 62 88
30684 63 61 89
30685 72 72 92
30686 64 62 86
122748 47 47 69
122749 84 87 99
122750 54 48 72
122751 86 90 114
1918 56 36 43
7676 63 50 63
30708 64 56 74
30709 70 75 97
30710 71 59 70
30711 68 64 78
30712 58 40 48
30713 63 45 51
30714 55 37 45
122860 77 58 65
122861 55 35 40
122862 111 93 97
122863 58 39 42
30716 66 50 56
30717 70 60 69
122872 68 49 53
491492 72 56 60
1965974 50 37 45
1965975 161 152 163
491494 65 49 53
491495 70 58 67
122874 72 53 55
122875 65 49 55
30719 71 60 72
1920 42 19 25
1921 39 18 22
30752 46 88 132
30753 42 59 90
30754 49 105 157
30755 41 76 131
7689 38 42 76
7690 58 135 189
7691 41 91 144
7692 38 20 29
7693 35 13 16
30776 37 79 114
123108 40 44 65
123109 27 24 39
123110 31 93 134
123111 39 98 139
30778 33 70 126
30779 31 80 131
123120 36 31 45
123121 34 21 35
123122 38 99 139
123123 37 92 132
123124 27 13 27
123125 31 22 37
123126 38 88 128
123127 34 93 131
30782 35 72 120
30783 30 73 122
1924 37 12 13
1925 37 12 13
7704 34 12 15
30820 32 9 8
30821 34 11 11
123288 40 17 18
123289 33 10 11
123290 35 29 48
123291 33 35 54
30823 32 22 33
30824 31 58 95
30825 35 94 137
30826 29 76 125
30827 31 87 135
7707 31 99 146
7708 35 17 22
7709 33 11 16
7710 27 77 128
7711 26 63 111
1928 36 68 120
1929 36 64 124
1930 36 69 123
1931 31 47 93
483 27 42 85
1936 37 14 15
1937 36 13 15
7752 34 21 37
7753 32 37 59
7754 24 52 105
7755 23 56 107
31024 29 11 17
31025 29 9 14
31026 29 72 119
31027 30 80 128
31028 33 11 16
31029 33 11 17
31030 25 64 110
124124 28 43 78
124125 39 46 79
124126 29 61 109
124127 28 72 122
7758 22 60 113
7759 24 62 114
1940 37 13 21
1941 37 16 32
31072 31 11 23
31073 31 13 27
31074 30 51 91
31075 27 42 82
31076 30 9 23
31077 30 12 23
31078 31 32 73
31079 28 31 72
31080 25 45 96
31081 25 43 92
124328 22 45 100
124329 25 40 91
124330 23 66 119
497324 32 62 114
497325 10 22 68
497326 37 84 135
497327 53 88 140
31083 24 44 95
7771 26 50 97
7772 31 21 42
7773 33 12 24
7774 28 39 83
7775 27 34 73
486 24 38 78
7792 23 62 117
7793 23 36 87
7794 24 28 71
7795 23 34 79
1949 26 31 73
1950 25 24 53
1951 25 19 46
488 30 19 42
489 27 11 24
490 27 7 11
491 26 7 13
492 26 8 15
493 27 8 14
1976 23 5 7
1977 23 4 5
7912 24 6 12
7913 23 4 5
7914 29 8 16
31660 26 7 8
31661 26 5 7
31662 38 17 22
31663 38 16 22
1979 27 7 8
495 24 5 7
1984 37 16 34
1985 38 14 25
1986 34 14 27
7948 37 15 31
7949 40 17 27
7950 37 12 19
7951 38 17 25
1988 45 22 27
1989 49 27 33
7960 42 20 27
31844 48 28 30
127380 47 26 30
127381 38 18 23
127382 78 64 65
509532 107 91 94
509533 47 27 30
509534 110 95 96
509535 52 35 38
509536 70 48 59
509537 41 22 28
2038153 46 24 34
2038155 146 125 133
509539 56 35 43
127385 65 44 46
127386 52 32 38
509548 64 44 50
509549 51 34 37
509550 52 31 37
509551 75 58 62
127388 95 83 84
127389 76 61 63
127390 86 71 76
127391 82 66 72
31848 43 23 33
31849 39 17 26
31850 37 15 22
127404 44 24 31
127405 43 23 31
127406 34 12 20
127407 43 23 30
127408 56 36 41
509636 85 65 68
509637 76 59 62
509638 65 45 50
509639 78 61 65
127410 48 27 34
127411 69 50 56
127412 76 59 68
127413 87 71 79
127414 96 79 87
127415 80 66 73
31854 44 23 32
31855 65 50 60
31856 52 31 36
31857 49 29 33
31858 69 51 57
31859 63 43 48
7965 43 24 34
31864 83 67 75
31865 62 43 48
127464 82 67 71
127465 54 37 41
509864 103 88 95
509865 39 23 27
509866 34 17 27
509867 39 23 31
127467 40 21 27
31867 48 26 30
31868 50 31 37
31869 49 30 40
31870 48 28 32
31871 45 24 35
498 28 13 30
7984 37 13 17
31940 36 16 22
31941 44 26 37
31942 33 12 17
127772 40 22 29
511092 36 23 29
511093 33 16 25
511094 39 27 32
2044380 21 7 16
2044381 29 13 22
2044382 126 113 122
2044383 44 27 37
127774 32 13 21
127775 36 18 25
7986 32 10 14
7987 30 9 15
1997 40 19 25
1998 29 9 13
1999 36 15 20
2000 50 29 38
2001 52 29 39
8008 48 29 38
32036 42 20 27
32037 53 30 38
32038 43 18 24
128156 46 22 28
128157 61 40 46
128158 53 29 35
128159 48 24 30
8010 45 23 32
8011 50 25 31
32048 57 38 47
128196 60 42 50
128197 52 32 36
512792 103 87 96
512793 76 61 70
512794 51 34 42
512795 63 46 54
128199 59 40 44
32050 53 32 39
32051 50 30 36
8013 48 27 32
8014 53 29 35
8015 51 29 36
128256 60 37 46
128257 57 34 43
128258 47 29 40
513036 65 53 63
513037 51 29 41
513038 108 95 107
513039 46 28 39
32065 56 36 46
32066 54 33 44
32067 54 33 43
8017 58 38 48
8018 57 37 45
8019 56 37 49
2005 64 48 59
2006 54 34 43
2007 55 40 55
2008 44 21 26
2009 47 25 31
8040 38 17 22
32164 34 13 17
128660 38 19 24
128661 60 42 52
128662 40 18 24
128663 62 41 49
32166 35 13 20
32167 39 17 25
8042 36 17 28
128688 39 19 27
128689 45 24 34
514760 46 29 39
514761 26 9 18
2059049 29 15 23
2059051 161 145 157
514763 39 21 32
128691 41 18 29
32173 37 18 28
32174 36 19 31
32175 45 28 31
2011 41 22 32
8048 50 28 36
8049 47 28 39
32200 47 26 36
128804 45 25 35
128805 44 23 34
515224 63 45 56
515225 43 24 36
2060905 25 8 19
2060907 164 146 158
515227 59 42 55
128807 44 25 38
32202 43 24 33
32203 47 29 44
8051 47 29 44
2013 50 41 69
2014 48 31 46
8060 41 39 76
8061 50 48 86
32248 41 32 68
32249 41 38 77
32250 44 33 63
129004 36 30 67
516020 35 32 69
516021 42 38 71
516022 58 54 90
2064092 45 42 76
2064093 107 104 133
2064094 20 16 49
2064095 126 123 150
129006 37 27 59
129007 43 36 68
8063 48 44 77
504 25 6 11
505 29 10 17
506 23 5 8
507 24 5 9
508 34 17 32
2036 42 25 41
130368 42 28 48
130369 40 28 64
521480 36 20 38
521481 62 48 70
521482 66 50 65
521483 99 84 104
130371 37 25 59
32593 41 29 62
32594 41 25 47
32595 41 27 56
8149 47 34 60
8150 42 25 47
8151 45 30 55
2038 38 19 33
2039 43 25 45
2040 25 12 26
8164 26 10 23
8165 28 11 22
8166 26 11 23
32668 23 7 13
32669 24 9 18
32670 27 11 18
130684 26 8 17
522740 19 5 13
522741 32 18 29
522742 37 19 28
2090972 20 2 14
2090973 25 9 20
2090974 28 15 23
2090975 136 119 131
130686 23 6 15
130687 27 11 21
2042 24 6 16
2043 27 8 19
2044 30 12 23
2045 36 17 34
2046 30 8 19
8188 32 11 27
8189 38 16 30
8190 34 10 18
32764 36 13 20
32765 45 22 28
32766 39 14 16
131068 31 10 10
131069 79 65 72
524280 34 10 11
524281 127 106 107
524282 60 46 46
524283 50 30 32
131071 77 62 68
